Webots Project File version R2023b
perspectives: 000000ff00000000fd0000000200000001000001f100000245fc0200000001fb0000001400540065007800740045006400690074006f00720100000016000002450000004100ffffff00000003000007800000017ffc0100000001fc00000000000007800000007100fffffffa000000000100000002fb0000001a0043006f006e0073006f006c00650041006c006c0041006c006c0100000000ffffffff0000006900fffffffb0000001a0043006f006e0073006f006c00650041006c006c0041006c006c0100000000ffffffff0000006900ffffff0000058d0000024500000001000000020000000100000008fc00000000
simulationViewPerspectives: 000000ff000000010000000200000223000002960100000002010000000101
sceneTreePerspectives: 000000ff00000001000000030000001e000000c0000000fa0100000002010000000201
minimizedPerspectives: 000000ff00000000fd0000000200000001000002040000029afc0200000001fb0000001400540065007800740045006400690074006f0072010000001a0000029a0000008c00ffffff000000030000078000000110fc0100000001fb0000001a0043006f006e0073006f006c00650041006c006c0041006c006c0100000000000007800000006900ffffff0000057a0000029a00000001000000020000000100000008fc00000000
maximizedDockId: -1
centralWidgetVisible: 1
orthographicViewHeight: 1
textFiles: -1
globalOptionalRendering: DistanceSensorRays::LightSensorRays::CoordinateSystem
consoles: Console:All:All
consoles: Console:All:All
renderingDevicePerspectives: e-puck:camera;0;4.82692;0.501148;0.00575816
