Webots Project File version R2023b
perspectives: 000000ff00000000fd00000002000000010000007700000235fc0200000001fb0000001400540065007800740045006400690074006f00720100000016000002350000004100ffffff00000003000007800000018ffc0100000002fb0000001a0043006f006e0073006f006c00650041006c006c0041006c006c0100000000000007800000006900fffffffb0000001a0043006f006e0073006f006c00650041006c006c0041006c006c0100000000000007800000000000000000000007070000023500000001000000020000000100000008fc00000000
simulationViewPerspectives: 000000ff000000010000000200000100000006050100000002010000000101
sceneTreePerspectives: 000000ff00000001000000030000001e000000c0000000fa0100000002010000000201
minimizedPerspectives: 000000ff00000000fd0000000200000001000000770000025ffc0200000001fb0000001400540065007800740045006400690074006f007201000000160000025f0000004100ffffff000000030000078000000165fc0100000001fc00000000000007800000006900fffffffa000000000100000002fb0000001a0043006f006e0073006f006c00650041006c006c0041006c006c0100000000ffffffff0000006900fffffffb0000001a0043006f006e0073006f006c00650041006c006c0041006c006c0100000000ffffffff0000000000000000000007070000025f00000001000000020000000100000008fc00000000
maximizedDockId: -1
centralWidgetVisible: 1
orthographicViewHeight: 1
textFiles: -1
globalOptionalRendering: DistanceSensorRays::CoordinateSystem
consoles: Console:All:All
renderingDevicePerspectives: e-puck:camera;0;0.820513;0;0.00575816
